Fecha	SPY (Intradía)	XLB (Intradía)	XLC (Intradía)	XLE (Intradía)	XLF (Intradía)	XLI (Intradía)	XLK (Intradía)	XLP (Intradía)	XLRE (Intradía)	XLU (Intradía)	XLV (Intradía)	XLY (Intradía)	PORTAFOLIO EQUIPONDERADO (Intradía)	SPY (Overnight)	XLB (Overnight)	XLC (Overnight)	XLE (Overnight)	XLF (Overnight)	XLI (Overnight)	XLK (Overnight)	XLP (Overnight)	XLRE (Overnight)	XLU (Overnight)	XLV (Overnight)	XLY (Overnight)	PORTAFOLIO EQUIPONDERADO (Overnight)
2016-09-16	999.48	1002.79	1000.0	1006.57	994.53	996.13	995.99	997.92	995.63	1008.39	1001.67	1001.28	1000.03	1000.0	1000.0	1000.0	1000.0	1000.0	1000.0	1000.0	1000.0	1000.0	1000.0	1000.0	1000.0	1000.0
2016-09-30	998.51	1000.81	1000.0	1025.66	988.43	1009.99	993.66	993.38	1018.09	986.23	992.09	1007.93	1001.34	1014.72	1023.19	1000.0	1027.36	1012.06	1017.12	1014.44	1012.56	1004.3	1016.87	1009.66	1012.76	1013.76
2017-03-31	1052.7	1030.09	1000.0	894.64	1015.23	1055.14	1035.64	1079.35	1156.25	1110.99	1052.77	1079.87	1046.94	1059.77	1101.78	1000.0	1179.17	1221.35	1096.6	1094.98	968.1	873.91	961.83	989.03	1047.99	1046.13
2017-09-30	1043.96	1045.23	1000.0	838.01	1013.14	1082.26	1040.16	1077.33	1214.52	1135.45	1108.87	1039.02	1052.55	1150.08	1188.66	1000.0	1258.12	1344.41	1177.61	1217.83	972.72	862.08	988.4	1039.96	1122.93	1103.27
2018-03-31	1000.77	936.57	1000.0	805.87	916.6	1026.92	1038.0	1039.14	1155.03	1108.11	1082.38	1053.33	1014.32	1268.12	1341.46	1000.0	1305.66	1597.42	1310.9	1360.15	996.12	888.7	981.24	1069.1	1253.43	1182.8
2018-09-30	1053.58	943.26	938.41	868.85	876.07	1061.75	1146.2	1084.54	1236.11	1176.29	1221.53	1102.41	1059.07	1342.79	1367.89	1053.46	1379.28	1686.62	1349.89	1428.19	992.53	888.0	980.49	1115.77	1393.78	1229.7
2019-03-31	979.61	888.98	816.47	732.39	859.8	985.72	1121.55	1122.46	1301.45	1319.41	1148.7	1047.65	1021.33	1417.66	1405.62	1161.5	1453.11	1620.24	1408.19	1444.68	1012.41	953.22	981.21	1153.59	1434.92	1272.47
2019-09-30	978.95	940.02	785.34	619.15	988.72	1032.23	1151.02	1163.48	1268.53	1392.77	1072.13	1049.51	1027.94	1504.54	1409.36	1284.6	1567.24	1550.16	1404.79	1542.11	1083.67	1077.79	1050.84	1224.39	1528.86	1343.1
2020-03-31	1069.2	1062.93	892.42	437.62	1131.95	1066.86	1445.53	1285.19	1275.07	1526.97	1274.83	1088.75	1103.75	1209.37	976.36	1014.98	1157.26	1020.51	1046.38	1235.9	882.19	860.54	835.04	1027.78	1207.33	1037.15
2020-09-30	1057.84	1104.64	925.63	303.43	930.97	1023.04	1496.38	1269.22	1169.33	1414.98	1180.97	1129.07	1044.98	1601.57	1341.05	1319.34	1770.92	1451.6	1435.37	1742.23	1065.72	1082.3	982.13	1332.0	1752.46	1392.59
2021-03-31	1049.19	1069.96	928.58	362.47	991.57	1023.51	1396.21	1260.37	1105.7	1390.38	1088.66	1044.08	1039.89	1925.46	1730.17	1628.81	2486.91	1946.9	1848.12	2134.43	1159.49	1311.09	1095.17	1611.36	2174.5	1722.17
2021-09-30	1091.02	978.28	950.4	349.54	1017.05	965.53	1496.71	1255.15	1154.04	1352.24	1166.58	1044.7	1047.17	2017.92	1916.36	1744.89	2799.75	2109.49	1959.42	2246.67	1188.33	1431.08	1140.54	1651.95	2327.29	1837.9
2022-03-31	1118.71	1074.91	845.56	485.8	918.61	976.71	1593.0	1379.01	1149.95	1537.29	1293.61	983.74	1101.89	2084.9	1960.57	1691.61	3023.09	2405.51	2053.26	2255.13	1205.98	1583.59	1186.48	1614.32	2555.69	1921.02
2022-09-30	1042.53	976.47	757.03	461.54	833.4	914.81	1515.94	1280.4	932.2	1344.66	1263.22	914.79	1013.36	1784.27	1686.14	1321.55	3064.7	2122.99	1779.68	1780.09	1158.15	1480.9	1211.1	1473.53	2125.54	1711.63
2023-03-31	1183.15	1142.51	982.67	525.81	913.62	1070.9	1944.95	1341.68	961.61	1389.03	1361.56	997.08	1146.6	1817.21	1727.69	1238.8	3158.37	2073.86	1873.37	1772.88	1252.29	1517.87	1230.34	1473.11	2059.04	1731.25
2023-09-30	1203.91	1143.32	1076.03	535.65	958.01	1105.1	2083.96	1273.19	862.33	1203.32	1367.61	1031.26	1149.97	1878.32	1697.7	1284.91	3438.28	2058.84	1833.71	1803.79	1232.36	1570.0	1256.47	1470.45	2151.22	1763.06
2024-03-31	1358.2	1315.48	1213.21	505.5	1197.22	1256.91	2454.27	1371.41	950.81	1304.78	1505.43	1171.54	1285.53	2051.85	1763.38	1426.61	3872.97	2110.26	2020.3	1953.42	1288.67	1681.03	1313.83	1545.3	2171.72	1881.42
2024-09-30	1318.92	1287.3	1275.52	453.2	1170.67	1168.03	2188.26	1455.0	936.29	1392.94	1443.19	1137.66	1258.49	2332.34	1886.99	1510.69	4083.23	2339.75	2353.31	2383.31	1337.29	1962.33	1536.86	1693.45	2447.1	2102.91
2025-03-31	1253.15	1128.62	1268.65	430.82	1122.43	1075.69	2000.24	1507.49	884.0	1350.41	1504.46	1050.66	1205.79	2408.54	1939.26	1629.54	4646.06	2703.29	2492.95	2392.76	1286.46	1980.73	1571.28	1552.96	2623.41	2185.28
2025-09-30	1456.56	1269.43	1452.28	439.8	1305.71	1256.92	2498.93	1521.06	888.11	1398.34	1507.49	1270.14	1335.43	2481.93	1814.86	1757.36	4423.81	2530.16	2528.52	2622.17	1240.32	2018.0	1701.34	1491.08	2643.9	2199.19
2026-03-31	1375.34	1398.96	1363.15	473.32	1268.88	1239.96	2143.22	1632.23	849.67	1262.69	1738.99	1180.46	1322.75	2580.62	1854.16	1764.77	5722.31	2406.77	2704.53	2891.13	1225.64	2080.42	2011.66	1373.1	2597.72	2300.07
2026-09-16	1440.48	1237.11	1360.19	527.31	1307.58	1074.23	2404.77	1598.3	819.41	1045.33	1799.31	1113.41	1301.05	2851.16	2104.56	1802.0	5387.11	2634.47	3244.41	3550.12	1283.1	2274.22	2197.94	1523.66	2780.16	2520.08
2026-09-30	1440.48	1237.11	1360.19	527.31	1307.58	1074.23	2404.77	1598.3	819.41	1045.33	1799.31	1113.41	1301.05	2851.16	2104.56	1802.0	5387.11	2634.47	3244.41	3550.12	1283.1	2274.22	2197.94	1523.66	2780.16	2520.08
